5 14 23 24 2 16 21 25
14 15 31 32 7 24 25 34
15 16 43 47 5 23 41 48
18 20 41 49 7 31 36 50
10 28 46 48 4 32 42 50
12 31 50 59 1 37 46 60
16 30 53 59 3 40 46 61
18 43 49 64 27 31 56 62
9 47 49 67 23 31 61 63
28 30 62 64 14 48 50 68
23 27 56 71 1 43 49 72
1 31 62 72 18 23 64 71
15 42 69 72 6 48 63 75
8 50 53 81 27 31 62 80
2 51 56 83 21 37 64 82
8 61 67 90 27 43 80 86
40 42 83 89 23 64 70 93
31 43 85 93 5 67 69 97
30 32 86 94 10 46 82 96
21 40 82 97 5 48 79 98
14 62 72 100 36 40 82 98
20 56 92 96 8 64 84 100
42 45 93 96 21 72 75 102
32 74 75 103 40 58 87 101
29 71 87 112 48 49 97 109
24 62 100 118 2 74 92 120
32 60 106 118 6 80 92 122
14 88 89 123 32 66 107 119
15 64 101 122 31 53 106 120
25 62 97 126 7 74 90 127
40 54 97 127 23 71 90 128
13 70 96 127 42 47 104 125
25 70 115 120 10 80 105 125
33 40 106 127 6 55 103 128
54 62 112 124 36 86 98 128
53 69 109 127 43 83 101 129
31 75 118 124 20 86 107 129
18 94 98 134 46 62 122 126
28 96 100 136 56 60 124 128
24 70 107 137 7 80 101 138
10 96 97 139 47 59 120 134
1 93 107 139 37 69 127 131
48 91 127 134 42 104 113 139
