-200 -199 1 189 209
-200 -191 9 161 221
-200 -151 49 81 221
-200 -143 -7 161 189
-200 -122 17 98 207
-200 -119 29 81 209
-200 -99 -31 161 169
-200 -79 -31 121 189
-200 -61 -44 116 189
-198 -166 28 115 221
-198 -124 43 69 210
-198 -92 37 50 203
-198 -62 -19 84 195
-198 -49 -47 104 190
-196 -176 31 116 225
-196 -174 34 111 225
-196 -148 43 85 216
-196 -104 -25 153 172
-196 -99 -13 118 190
-196 -65 -54 145 170
-196 -59 -40 108 187
-196 -48 -12 61 195
-195 -141 7 128 201
-195 -134 -6 147 188
-195 -128 51 63 209
-195 -101 -7 111 192
-195 -93 -22 126 184
-195 -84 19 62 198
-195 -61 12 48 196
-194 -130 33 84 207
-194 -92 -13 110 189
-194 -85 -27 124 182
-194 -70 -27 104 187
-192 -165 49 87 221
-192 -153 21 115 209
-192 -130 49 66 207
-192 -123 -13 153 175
-192 -111 7 101 195
-192 -93 -25 133 177
-192 -63 -25 93 187
-190 -187 54 91 232
-190 -174 28 117 219
-190 -161 52 81 218
-190 -153 28 105 210
-190 -146 16 117 203
-190 -140 26 99 205
-190 -118 13 99 196
-190 -116 -17 161 162
-190 -112 -18 151 169
-190 -104 47 49 198
-190 -98 -27 155 160
-190 -70 -44 135 169
-190 -53 -27 84 186
-190 -44 -13 58 189
-189 -161 7 143 200
-189 -155 64 65 215
-189 -152 -1 155 187
-189 -130 29 88 202
-189 -121 31 79 200
-189 -116 44 61 200
-189 -110 13 92 194
-189 -97 -5 104 187
-189 -86 -26 125 176
-189 -85 -32 137 169
-189 -61 -55 145 160
-189 -58 13 44 190
-189 -32 -31 65 187
-209 -189 -1 199 200
-188 -176 35 108 221
-188 -155 14 126 203
-188 -147 6 134 195
-187 -185 31 117 224
-187 -168 25 117 213
-187 -155 1 152 189
-187 -135 -8 161 169
-187 -108 40 59 196
-187 -104 5 97 189
-187 -104 27 70 194
-187 -93 25 63 192
-187 -86 -28 130 171
-187 -78 -21 106 180
-187 -73 -32 117 175
-187 -65 31 32 189
-187 -30 -21 52 186
-186 -150 16 119 201
-186 -84 27 53 190
-186 -52 21 30 187
-185 -91 -23 128 171
-185 -71 -28 108 176
-185 -36 -34 73 182
-184 -171 10 142 203
-184 -126 22 93 195
-184 -117 -11 140 172
-184 -101 -18 133 170
-184 -63 -26 95 178
-184 -54 -50 119 169
-182 -175 14 136 207
-182 -153 20 114 201
-182 -124 27 85 194
-182 -94 -23 135 164
-182 -92 -25 137 162
-182 -73 34 36 185
-182 -46 -19 67 180
-180 -154 -2 167 169
-180 -121 -7 136 172
-180 -106 21 78 187
-180 -73 -39 138 154
-180 -67 19 46 182
-178 -95 26 63 184
-178 -56 -54 143 145
-177 -133 25 93 192
-177 -111 -8 126 170
-177 -70 -38 129 156
-177 -57 -13 72 175
-176 -125 26 86 189
-176 -108 28 71 185
-176 -97 -18 130 161
-176 -76 -4 81 175
-176 -58 -27 91 170
-176 -52 -28 85 171
-176 -50 -49 113 162
-175 -153 13 123 192
-175 -122 -8 143 162
-175 -117 32 73 187
-175 -81 4 76 176
-175 -78 -33 138 148
-175 -72 -38 142 143
-175 -72 -19 97 169
-175 -72 13 57 177
-174 -75 -21 104 166
-172 -171 42 91 210
-172 -164 49 80 207
-172 -153 25 104 196
-172 -140 11 117 184
-172 -136 7 121 180
-172 -125 -3 132 168
-172 -48 -36 91 165
-171 -130 28 86 187
-171 -128 -5 143 161
-171 -128 23 91 185
-171 -104 -11 125 161
-171 -85 28 52 176
-171 -50 -34 91 164
-171 -49 -32 87 165
-171 -37 -14 52 170
-170 -152 -1 161 162
-170 -145 54 65 196
-170 -133 18 101 184
-170 -126 8 111 177
-170 -118 -7 135 160
-170 -96 -19 138 147
-170 -91 27 58 176
-170 -77 -19 104 162
-170 -52 14 37 171
-170 -45 -35 86 164
-169 -167 2 154 180
-169 -161 8 135 187
-169 -161 31 99 200
-169 -151 18 112 190
-169 -137 32 85 189
-169 -135 44 70 190
-169 -119 50 54 184
-169 -110 -7 124 162
-169 -97 19 72 175
-169 -71 -20 98 162
-169 -63 -41 128 145
-168 -164 45 83 204
-168 -132 3 125 172
-168 -51 -19 73 165
-166 -104 21 75 174
-166 -65 -18 88 161
-165 -91 36 48 172
-165 -87 32 49 171
-165 -73 19 51 168
-164 -135 23 94 182
-164 -116 -7 135 152
-164 -91 34 50 171
-164 -86 35 45 170
-162 -161 1 152 170
-162 -161 17 116 190
-162 -143 8 122 175
-162 -137 25 92 182
-162 -124 7 110 169
-162 -113 49 50 176
-162 -104 19 77 170
-162 -98 -13 125 148
-162 -98 20 71 169
-162 -58 -41 121 140
-162 -26 -20 47 161
-161 -143 5 128 171
-161 -130 18 97 176
-161 -125 11 104 171
-161 -99 -13 128 145
-161 -88 18 65 166
-161 -47 20 26 162
-161 -27 -19 47 160
-221 -161 -9 191 200
-160 -155 27 98 190
-160 -145 55 61 189
-160 -135 7 118 170
-160 -61 -23 91 153
-160 -47 19 27 161
-159 -100 -6 111 154
-159 -91 -15 120 145
-156 -129 38 70 177
-156 -72 -19 100 147
-156 -59 -21 86 150
-156 -57 -34 105 142
-156 -54 -33 98 145
-155 -90 -5 98 152
-155 -55 -40 117 133
-155 -49 -13 64 153
-155 -35 -27 65 152
-154 -138 39 73 180
-154 -111 6 100 159
-154 -106 -5 117 148
-154 -76 -23 118 135
-154 -41 -10 52 153
-153 -91 23 61 160
-153 -78 -7 88 150
-153 -77 -23 125 128
-153 -64 -31 115 133
-153 -64 -21 93 145
-153 -64 13 49 155
-153 -56 -29 95 143
-153 -52 10 41 154
-153 -50 -7 58 152
-152 -135 7 116 164
-152 -98 5 90 155
-152 -93 -3 98 150
-152 -65 -31 122 126
-152 -65 27 35 155
-152 -58 7 50 153
-152 -37 -33 75 147
-150 -98 3 93 152
-150 -88 7 78 153
-150 -86 21 59 156
-150 -69 -11 84 146
-150 -54 -39 119 124
-148 -138 33 78 175
-148 -125 13 98 162
-148 -117 5 106 154
-148 -105 -6 121 138
-148 -104 -7 124 135
-148 -34 -26 63 145
-147 -138 19 96 170
-147 -100 19 72 156
-147 -75 33 37 152
-147 -51 -40 117 121
-146 -84 11 69 150
-146 -70 -8 81 143
-146 -63 -22 95 136
-146 -63 -10 76 143
-145 -143 54 56 178
-145 -128 13 99 161
-145 -128 41 63 169
-145 -120 15 91 159
-145 -98 33 54 156
-145 -95 -10 124 126
-145 -93 21 64 153
-145 -64 -23 99 133
-145 -63 26 34 148
-145 -59 -32 117 119
-145 -56 -9 67 143
-145 -44 -42 102 129
-144 -38 -10 49 143
-143 -142 38 72 175
-143 -95 -9 119 128
-143 -95 29 56 153
-143 -81 -10 98 136
-143 -81 8 70 146
-143 -76 10 63 146
-143 -72 -19 105 129
-143 -67 9 56 145
-143 -64 -27 115 119
-143 -63 -25 103 128
-143 -49 10 38 144
-143 -46 -42 111 120
-142 -105 34 57 156
-142 -45 -26 77 136
-203 -142 -10 171 184
-140 -121 41 58 162
-140 -69 -22 114 117
-138 -121 6 105 148
-138 -72 -14 95 129
-138 -52 -18 75 133
-138 -30 -21 53 136
-136 -98 10 81 143
-136 -95 -7 117 121
-136 -95 22 63 146
-136 -77 26 45 142
-136 -74 -14 99 125
-136 -70 -18 103 121
-136 -53 21 30 138
-136 -44 -7 52 135
-207 -136 -14 175 182
-135 -124 7 104 148
-135 -119 -1 127 128
-135 -118 23 76 154
-135 -105 -3 115 128
-135 -91 -8 113 121
-135 -73 -11 91 128
-135 -55 -8 65 133
-135 -52 7 44 136
-135 -49 -23 79 128
-135 -41 -29 77 128
-133 -117 40 55 155
-133 -115 31 64 153
-133 -99 23 64 145
-133 -75 -2 78 132
-133 -75 18 52 138
-133 -71 -9 85 128
-133 -65 -11 81 128
-133 -65 8 55 135
-133 -62 -22 100 117
-133 -54 -22 85 124
-133 -54 -11 68 130
-133 -50 -27 88 122
-133 -45 -32 89 121
-132 -78 2 75 133
-132 -71 -10 87 126
-132 -39 -38 90 119
-130 -108 -2 119 121
-130 -68 11 54 133
-130 -54 -23 88 119
-129 -105 19 72 143
-129 -102 42 44 145
-129 -95 14 72 138
-129 -75 -11 96 119
-129 -56 -25 99 111
-129 -39 -21 64 125
-128 -127 1 119 135
-128 -125 23 77 153
-128 -119 9 95 143
-128 -115 3 105 135
-128 -103 25 63 143
-128 -91 11 73 135
-128 -85 9 71 133
-128 -81 -7 95 121
-128 -81 11 65 133
-128 -79 23 49 135
-128 -77 29 41 135
-128 -75 -7 87 123
-128 -47 -25 81 119
-128 -47 -13 63 125
-201 -128 -7 141 195
-126 -124 10 95 145
-126 -122 31 65 152
-126 -87 10 71 132
-126 -78 -4 85 123
-126 -58 -19 88 115
-126 -50 -16 71 121
-126 -48 -29 93 110
-126 -44 -17 65 122
-126 -44 -6 51 125
-126 -29 -19 50 124
-203 -126 -14 155 188
-125 -99 14 74 136
-125 -64 -11 81 119
-125 -64 21 39 129
-125 -63 13 47 128
-125 -52 -18 77 118
-125 -51 6 44 126
-125 -49 -29 99 104
-124 -119 39 54 150
-124 -86 -5 98 117
-124 -85 22 54 133
-124 -63 -17 94 110
-124 -50 19 29 126
-124 -30 -11 42 123
-123 -87 7 75 128
-123 -85 4 78 126
-123 -75 -7 88 117
-123 -72 -10 91 114
-123 -64 -17 99 105
-123 -42 11 30 124
-122 -88 27 50 133
-122 -65 17 44 126
-122 -54 -16 77 115
-122 -40 -21 66 117
-121 -119 2 108 130
-121 -117 7 95 136
-121 -117 40 51 147
-121 -113 8 91 135
-121 -103 18 70 136
-121 -95 7 81 128
-121 -89 32 45 133
-121 -71 16 50 126
-121 -54 -23 98 100
-121 -49 -17 72 115
-120 -111 42 46 143
-120 -67 -14 99 102
-120 -33 -9 43 119
-119 -117 32 59 145
-119 -115 27 64 143
-119 -96 11 75 129
-119 -90 38 39 132
-119 -88 23 54 130
-119 -81 11 64 125
-119 -81 25 47 128
-119 -76 -9 100 104
-119 -43 9 33 120
-119 -40 -11 53 117
-119 -26 -25 54 116
-201 -119 -16 150 186
-118 -77 18 52 125
-118 -44 -15 63 114
-117 -114 22 69 140
-117 -100 22 62 133
-117 -98 5 86 124
-117 -88 7 75 123
-117 -70 -11 96 102
-117 -70 -8 85 110
-117 -66 21 40 122
-117 -53 11 40 119
-224 -117 -31 185 187
-117 -28 -11 40 116
-219 -117 -28 174 190
-213 -117 -25 168 187
-117 -24 -21 47 115
-203 -117 -16 146 190
-116 -54 25 26 119
-116 -40 11 28 117
-225 -116 -31 176 196
-115 -88 19 58 126
-115 -77 16 54 122
-115 -72 17 49 121
-115 -56 -13 76 108
-115 -47 21 24 117
-221 -115 -28 166 198
-209 -115 -21 153 192
-114 -91 10 72 123
-114 -63 15 44 118
-201 -114 -20 153 182
-111 -99 25 56 129
-111 -60 -14 90 95
-225 -111 -34 174 196
-110 -94 17 63 124
-110 -93 29 48 126
-110 -85 8 70 117
-110 -68 -9 89 98
-110 -31 -14 47 108
-108 -76 13 56 115
-108 -47 14 31 110
-108 -46 -22 85 91
-108 -46 -7 55 106
-108 -38 -25 73 98
-221 -108 -35 176 188
-106 -55 7 46 108
-106 -38 -27 80 91
-105 -99 17 64 123
-210 -105 -28 153 190
-105 -23 -12 36 104
-104 -100 9 76 119
-104 -99 29 49 125
-104 -90 -1 97 98
-104 -51 -15 77 93
-104 -36 12 23 105
-102 -99 14 67 120
-102 -96 11 70 117
-100 -98 23 54 121
-100 -54 -11 74 91
-100 -19 -14 34 99
-99 -53 -7 64 95
-99 -42 -13 60 94
-99 -34 14 19 100
-99 -31 -25 64 91
-205 -99 -26 140 190
-99 -20 -13 34 98
-98 -97 1 90 104
-98 -89 9 68 110
-98 -73 25 38 108
-98 -46 -17 80 81
-98 -34 13 20 99
-207 -98 -17 122 200
-96 -57 -9 77 85
-96 -37 -15 57 91
-96 -18 -14 33 95
-95 -90 14 60 111
-95 -64 7 53 99
-95 -33 -24 68 84
-95 -33 14 18 96
-94 -60 13 42 99
-94 -36 -11 50 91
-93 -77 15 51 104
-93 -50 -12 77 78
-91 -85 22 46 108
-91 -80 27 38 106
-91 -74 11 54 100
-91 -64 25 31 99
-91 -57 15 37 96
-91 -55 -8 73 81
-232 -91 -54 187 190
-91 -50 11 36 94
-210 -91 -42 171 172
-91 -38 -4 43 90
-91 -37 -20 72 76
-91 -34 -5 40 90
-91 -29 -25 64 81
-91 -23 -19 45 88
-90 -43 4 38 91
-90 -40 5 34 91
-90 -29 -26 68 77
-88 -70 -2 79 81
-88 -45 19 23 91
-202 -88 -29 130 189
-221 -87 -49 165 192
-85 -77 9 57 96
-85 -47 -9 64 77
-216 -85 -43 148 196
-85 -32 -13 49 81
-85 -27 -14 44 82
-84 -68 24 33 95
-207 -84 -33 130 194
-204 -83 -45 164 168
-82 -44 14 27 85
-82 -35 -13 54 76
-81 -80 17 46 98
-81 -79 2 70 88
-81 -73 8 55 91
-81 -64 25 29 91
-218 -81 -52 161 190
-81 -49 13 32 85
-221 -81 -49 151 200
-81 -44 -10 65 70
-81 -38 -14 65 68
-81 -31 -14 50 76
-209 -81 -29 119 200
-80 -63 -1 66 78
-207 -80 -49 164 172
-78 -77 12 50 93
-78 -66 1 63 80
-77 -68 26 29 90
-77 -65 -1 71 72
-77 -64 9 47 85
-77 -51 -4 60 72
-77 -43 -9 64 65
-77 -34 -8 45 74
-77 -25 -17 47 72
-77 -19 -18 40 74
-77 -18 -10 29 76
-76 -72 20 37 91
-76 -54 13 35 82
-76 -50 14 31 81
-76 -44 -8 63 65
-76 -29 10 18 77
-74 -45 8 34 77
-74 -40 18 19 77
-74 -30 -7 39 72
-74 -28 -17 54 65
-72 -71 1 65 77
-72 -60 4 51 77
-72 -47 17 25 77
-72 -39 7 30 74
-72 -23 -19 49 65
-72 -19 -13 34 70
-70 -65 10 44 81
-70 -34 13 19 72
-210 -69 -43 124 198
-68 -65 14 38 81
-68 -49 -2 54 65
-207 -66 -49 130 192
-65 -64 9 43 77
-215 -65 -64 155 189
-65 -63 8 44 76
-65 -54 2 49 68
-65 -54 17 28 74
-65 -49 19 23 72
-65 -19 -11 32 63
-65 -19 -7 27 64
-64 -27 -13 49 55
-64 -27 7 19 65
-64 -23 -5 29 63
-64 -21 -17 45 57
-64 -13 -11 25 63
-209 -63 -51 128 195
-63 -32 11 19 65
-63 -29 5 23 64
-63 -25 11 13 64
-63 -22 -17 50 52
-58 -27 -5 34 56
-58 -26 -7 36 55
-57 -45 17 21 64
-57 -23 -12 42 50
-57 -21 -13 40 51
-57 -18 -6 25 56
-56 -34 5 27 58
-56 -26 -9 41 50
-56 -25 -9 39 51
-56 -25 6 18 57
-56 -22 -13 45 46
-56 -13 -9 23 55
-55 -49 13 27 64
-55 -36 7 26 58
-55 -27 -8 41 49
-55 -26 -9 42 48
-55 -23 9 13 56
-55 -14 -8 23 54
-54 -44 -1 49 50
-54 -40 -2 47 49
-54 -23 8 14 55
-52 -50 17 22 63
-52 -29 -6 42 45
-52 -18 -10 31 49
-52 -14 -11 27 50
-51 -40 13 21 57
-51 -39 9 25 56
-51 -18 -12 35 46
-51 -14 -13 30 48
-50 -49 1 44 54
-50 -42 12 23 57
-50 -41 9 26 56
-203 -50 -37 92 198
-50 -34 -1 36 49
-50 -27 11 14 52
-49 -47 2 40 54
-49 -41 8 27 55
-49 -36 1 34 50
-49 -32 -3 39 45
-49 -31 10 18 52
-49 -17 -11 32 45
-49 -15 -6 22 48
-48 -42 9 26 55
-48 -30 13 14 51
-48 -22 6 15 49
-46 -45 13 22 56
-46 -35 12 18 51
-46 -14 -9 25 44
-45 -42 6 29 52
-45 -39 3 32 49
-45 -32 11 17 49
-44 -25 9 14 46
-42 -23 -4 30 39
-39 -30 4 23 42
-39 -21 -5 32 33
-36 -19 -2 22 35
-35 -27 -1 31 32
-35 -22 2 19 36
-35 -19 -3 24 33
-35 -13 -4 18 34
-35 -11 -9 23 32
-34 -18 4 13 35
-34 -11 -10 27 28
-33 -32 5 21 39
-33 -24 3 19 35
-33 -15 -6 26 28
-32 -31 1 27 35
-32 -23 9 11 35
-32 -13 -7 25 27
-28 -27 10 11 34
-28 -26 6 15 33
-28 -18 -2 23 25
-28 -11 -5 18 26
-27 -25 7 13 32
-27 -8 -7 17 25
-27 -8 -5 14 26
-26 -18 5 11 28
-26 -14 5 8 27
-26 -9 -7 20 22
-26 -9 -4 14 25
-25 -23 2 18 28
-25 -17 7 8 27
-25 -14 4 9 26
-25 -8 -7 18 22
-22 -20 7 9 26
-22 -18 7 8 25
-22 -6 -5 12 21
-21 -12 5 6 22
-20 -14 -1 17 18
-18 -17 1 14 20
-10 -4 -2 7 9
-9 -7 2 4 10
-9 -5 -1 7 8
-8 -7 1 5 9
# mode=1 N=200 count=674
