2991450 -65350584 -117 -68 -37 222
2991450 -65350584 -111 -74 -36 221

4194300 -104632164 -123 -82 -42 247
4194300 -104632164 -114 -91 -41 246

584250 -5405400 -105 -20 -18 143
584250 -5405400 -99 -26 -15 140

245310 -2079000 -60 -25 -14 99
245310 -2079000 -63 -22 -15 100

173910 -819000 -78 -15 -7 100
173910 -819000 -60 -25 -6 91

164220 -756756 -78 -14 -7 99
164220 -756756 -63 -22 -6 91

81510 -378000 -56 -10 -9 75
81510 -378000 -50 -15 -7 72

108810 -693000 -44 -21 -10 75
108810 -693000 -50 -15 -12 77

265200 -2403324 -51 -34 -14 99
265200 -2403324 -63 -22 -17 102

125970 -936936 -44 -21 -13 78
125970 -936936 -39 -26 -12 77

2063490 -36199800 -130 -39 -35 204
2063490 -36199800 -85 -84 -26 195

193800 -946764 -78 -17 -7 102
193800 -946764 -51 -34 -6 91

98670 -511056 -39 -26 -7 72
98670 -511056 -56 -13 -9 78

92820 -465696 -44 -21 -7 72
92820 -465696 -56 -12 -9 77

790500 -9652500 -99 -26 -25 150
790500 -9652500 -75 -50 -18 143

1492920 -26491500 -87 -58 -30 175
1492920 -26491500 -75 -70 -29 174

274890 -2601000 -60 -25 -17 102
274890 -2601000 -51 -34 -15 100

760760 -6134700 -78 -55 -10 143
760760 -6134700 -130 -22 -13 165

2450448 -38158848 -96 -91 -21 208
306306 -2384928 -78 -21 -13 112

114660 -760500 -39 -26 -10 75
114660 -760500 -50 -15 -13 78

5850 -12600 -15 -10 -3 28
5850 -12600 -21 -5 -4 30

19890 2601000 -100 -17 15 102
19890 2601000 -51 -34 25 60

1650 12600 -15 -10 4 21
1650 12600 -28 -5 3 30

17160 760500 -75 -13 10 78
17160 760500 -39 -26 15 50

5850 936936 -77 -13 12 78
5850 936936 -39 -26 21 44

313950 44717400 -117 -65 42 140
313950 44717400 -91 -84 45 130

43890 1280664 -44 -33 14 63
43890 1280664 -77 -18 11 84

29580 2403324 -99 -17 14 102
29580 2403324 -51 -34 22 63

291720 15459444 -126 -39 22 143
291720 15459444 -77 -66 26 117

9690 2079000 -60 -25 22 63
9690 2079000 -99 -15 14 100

27300 465696 -72 -12 7 77
27300 465696 -44 -21 9 56

11310 693000 -75 -12 10 77
11310 693000 -44 -21 15 50

100980 946764 -91 -17 6 102
100980 946764 -51 -34 7 78

33150 511056 -72 -13 7 78
33150 511056 -39 -26 9 56

15990 378000 -72 -10 7 75
15990 378000 -50 -15 9 56

8170 163800 -90 -5 4 91
220590 13267800 -70 -65 27 108

71400 756756 -91 -14 6 99
71400 756756 -63 -22 7 78

81090 819000 -60 -25 7 78
81090 819000 -91 -15 6 100

# mode=1 N=130 sets_e3_nonzero=614976 sets_e3_zero=5154 classes=38 members=76
