245310 -2079000 -63 -22 -15 100
245310 -2079000 -60 -25 -14 99

173910 -819000 -78 -15 -7 100
173910 -819000 -60 -25 -6 91

164220 -756756 -63 -22 -6 91
164220 -756756 -78 -14 -7 99

81510 -378000 -50 -15 -7 72
81510 -378000 -56 -10 -9 75

108810 -693000 -44 -21 -10 75
108810 -693000 -50 -15 -12 77

265200 -2403324 -63 -22 -17 102
265200 -2403324 -51 -34 -14 99

125970 -936936 -44 -21 -13 78
125970 -936936 -39 -26 -12 77

193800 -946764 -78 -17 -7 102
193800 -946764 -51 -34 -6 91

98670 -511056 -56 -13 -9 78
98670 -511056 -39 -26 -7 72

92820 -465696 -44 -21 -7 72
92820 -465696 -56 -12 -9 77

274890 -2601000 -51 -34 -15 100
274890 -2601000 -60 -25 -17 102

114660 -760500 -50 -15 -13 78
114660 -760500 -39 -26 -10 75

5850 -12600 -21 -5 -4 30
5850 -12600 -15 -10 -3 28

19890 2601000 -100 -17 15 102
19890 2601000 -51 -34 25 60

1650 12600 -28 -5 3 30
1650 12600 -15 -10 4 21

17160 760500 -39 -26 15 50
17160 760500 -75 -13 10 78

5850 936936 -39 -26 21 44
5850 936936 -77 -13 12 78

43890 1280664 -77 -18 11 84
43890 1280664 -44 -33 14 63

29580 2403324 -51 -34 22 63
29580 2403324 -99 -17 14 102

9690 2079000 -99 -15 14 100
9690 2079000 -60 -25 22 63

27300 465696 -44 -21 9 56
27300 465696 -72 -12 7 77

11310 693000 -44 -21 15 50
11310 693000 -75 -12 10 77

100980 946764 -51 -34 7 78
100980 946764 -91 -17 6 102

33150 511056 -39 -26 9 56
33150 511056 -72 -13 7 78

15990 378000 -72 -10 7 75
15990 378000 -50 -15 9 56

220590 13267800 -70 -65 27 108
8170 163800 -90 -5 4 91

71400 756756 -91 -14 6 99
71400 756756 -63 -22 7 78

81090 819000 -91 -15 6 100
81090 819000 -60 -25 7 78

# mode=0 N=130 sets_e3_nonzero=202415 sets_e3_zero=5154 classes=28 members=56
