7315590 -186732000 -208 -57 -50 315
7315590 -186732000 -175 -90 -39 304

2399820 -39907296 -117 -68 -24 209
2399820 -39907296 -152 -36 -33 221

3049170 -46683000 -180 -42 -25 247
3049170 -46683000 -114 -91 -20 225

2532570 -35343000 -180 -33 -25 238
2532570 -35343000 -154 -51 -20 225

2443110 -41769000 -150 -36 -35 221
2443110 -41769000 -117 -68 -25 210

1899210 -26334000 -150 -35 -24 209
1899210 -26334000 -152 -33 -25 210

13880550 -517605984 -161 -144 -61 366
13880550 -517605984 -183 -122 -63 368

426300 -2100384 -136 -11 -9 156
426300 -2100384 -132 -13 -8 153

938730 -6426000 -136 -30 -9 175
938730 -6426000 -75 -70 -8 153

3736740 -81477396 -114 -91 -33 238
3736740 -81477396 -154 -51 -42 247

1010070 -9009000 -132 -30 -13 175
1010070 -9009000 -75 -70 -11 156

7608150 -199821024 -159 -106 -39 304
7608150 -199821024 -208 -57 -53 318

2991450 -65350584 -111 -74 -36 221
2991450 -65350584 -117 -68 -37 222

4886310 -121375800 -156 -65 -45 266
4886310 -121375800 -126 -95 -39 260

15894450 -596118600 -187 -138 -60 385
15894450 -596118600 -220 -105 -66 391

4194300 -104632164 -114 -91 -41 246
4194300 -104632164 -123 -82 -42 247

23715510 -1055142000 -200 -165 -73 438
23715510 -1055142000 -219 -146 -75 440

3155880 -27650700 -210 -45 -11 266
3155880 -27650700 -126 -95 -10 231

3677700 -79215444 -123 -82 -33 238
3677700 -79215444 -154 -51 -41 246

584250 -5405400 -99 -26 -15 140
584250 -5405400 -105 -20 -18 143

245310 -2079000 -63 -22 -15 100
245310 -2079000 -60 -25 -14 99

16625700 -654182100 -187 -138 -65 390
16625700 -654182100 -195 -130 -66 391

2447550 -41201424 -152 -37 -33 222
2447550 -41201424 -111 -74 -24 209

4561440 -103779900 -126 -95 -34 255
4561440 -103779900 -170 -51 -45 266

173910 -819000 -78 -15 -7 100
173910 -819000 -60 -25 -6 91

980490 -8658936 -132 -29 -13 174
980490 -8658936 -87 -58 -11 156

909150 -6176304 -87 -58 -8 153
909150 -6176304 -136 -29 -9 174

8640060 -265450500 -159 -106 -50 315
8640060 -265450500 -175 -90 -53 318

2751450 -23423400 -210 -39 -11 260
2751450 -23423400 -156 -65 -10 231

164220 -756756 -78 -14 -7 99
164220 -756756 -63 -22 -6 91

81510 -378000 -56 -10 -9 75
81510 -378000 -50 -15 -7 72

10594740 -335008800 -204 -85 -56 345
10594740 -335008800 -184 -105 -51 340

2990130 -45387000 -123 -82 -20 225
2990130 -45387000 -180 -41 -25 246

108810 -693000 -50 -15 -12 77
108810 -693000 -44 -21 -10 75

2426580 -20027700 -170 -51 -10 231
2426580 -20027700 -210 -34 -11 255

265200 -2403324 -51 -34 -14 99
265200 -2403324 -63 -22 -17 102

125970 -936936 -44 -21 -13 78
125970 -936936 -39 -26 -12 77

2063490 -36199800 -85 -84 -26 195
2063490 -36199800 -130 -39 -35 204

193800 -946764 -51 -34 -6 91
193800 -946764 -78 -17 -7 102

98670 -511056 -56 -13 -9 78
98670 -511056 -39 -26 -7 72

92820 -465696 -56 -12 -9 77
92820 -465696 -44 -21 -7 72

2490840 -43123500 -150 -37 -35 222
2490840 -43123500 -111 -74 -25 210

790500 -9652500 -99 -26 -25 150
790500 -9652500 -75 -50 -18 143

1492920 -26491500 -75 -70 -29 174
1492920 -26491500 -87 -58 -30 175

274890 -2601000 -51 -34 -15 100
274890 -2601000 -60 -25 -17 102

760760 -6134700 -130 -22 -13 165
760760 -6134700 -78 -55 -10 143

4157010 -87913800 -170 -51 -39 260
4157010 -87913800 -156 -65 -34 255

1531530 -14905800 -105 -65 -12 182
1531530 -14905800 -140 -42 -13 195

306306 -2384928 -78 -21 -13 112
2450448 -38158848 -96 -91 -21 208

114660 -760500 -50 -15 -13 78
114660 -760500 -39 -26 -10 75

5850 -12600 -21 -5 -4 30
5850 -12600 -15 -10 -3 28

19890 2601000 -51 -34 25 60
19890 2601000 -100 -17 15 102

29580 26491500 -75 -70 58 87
29580 26491500 -174 -30 29 175

1650 12600 -28 -5 3 30
1650 12600 -15 -10 4 21

17160 760500 -75 -13 10 78
17160 760500 -39 -26 15 50

5850 936936 -77 -13 12 78
5850 936936 -39 -26 21 44

313950 44717400 -91 -84 45 130
313950 44717400 -117 -65 42 140

43890 1280664 -77 -18 11 84
43890 1280664 -44 -33 14 63

147000 9652500 -143 -25 18 150
147000 9652500 -75 -50 26 99

349830 36199800 -195 -35 26 204
349830 36199800 -85 -84 39 130

29580 2403324 -51 -34 22 63
29580 2403324 -99 -17 14 102

291720 15459444 -77 -66 26 117
291720 15459444 -126 -39 22 143

9690 2079000 -99 -15 14 100
9690 2079000 -60 -25 22 63

27300 465696 -44 -21 9 56
27300 465696 -72 -12 7 77

548340 43123500 -210 -37 25 222
548340 43123500 -111 -74 35 150

11310 693000 -44 -21 15 50
11310 693000 -75 -12 10 77

100980 946764 -91 -17 6 102
100980 946764 -51 -34 7 78

33150 511056 -72 -13 7 78
33150 511056 -39 -26 9 56

15990 378000 -72 -10 7 75
15990 378000 -50 -15 9 56

203280 12870144 -133 -32 21 144
25410 804384 -112 -9 7 114

8170 163800 -90 -5 4 91
220590 13267800 -70 -65 27 108

43290 26334000 -209 -25 24 210
43290 26334000 -150 -35 33 152

59250 5405400 -140 -18 15 143
59250 5405400 -99 -26 20 105

139230 4191264 -99 -27 14 112
1113840 67060224 -144 -77 32 189

71400 756756 -91 -14 6 99
71400 756756 -63 -22 7 78

81090 819000 -60 -25 7 78
81090 819000 -91 -15 6 100

482850 8658936 -156 -29 11 174
482850 8658936 -87 -58 13 132

789360 11434500 -175 -33 10 198
789360 11434500 -126 -50 11 165

22230 753984 -33 -32 14 51
177840 12063744 -187 -21 16 192

1201200 31781376 -99 -96 19 176
150150 1986336 -171 -11 6 176

591630 41201424 -209 -37 24 222
591630 41201424 -111 -74 33 152

554190 6176304 -87 -58 9 136
554190 6176304 -153 -29 8 174

247380 1188000 -99 -25 4 120
247380 1188000 -220 -8 3 225

71340 2100384 -132 -13 9 136
71340 2100384 -153 -11 8 156

500610 41769000 -117 -68 35 150
500610 41769000 -210 -36 25 221

512430 9009000 -75 -70 13 132
512430 9009000 -156 -30 11 175

583770 6426000 -153 -30 8 175
583770 6426000 -75 -70 9 136

543900 39907296 -209 -36 24 221
543900 39907296 -117 -68 33 152

# mode=1 N=220 sets_e3_nonzero=2968872 sets_e3_zero=14726 classes=88 members=176
