1899210 -26334000 -150 -35 -24 209
1899210 -26334000 -152 -33 -25 210

426300 -2100384 -136 -11 -9 156
426300 -2100384 -132 -13 -8 153

938730 -6426000 -75 -70 -8 153
938730 -6426000 -136 -30 -9 175

1010070 -9009000 -132 -30 -13 175
1010070 -9009000 -75 -70 -11 156

584250 -5405400 -99 -26 -15 140
584250 -5405400 -105 -20 -18 143

245310 -2079000 -63 -22 -15 100
245310 -2079000 -60 -25 -14 99

173910 -819000 -60 -25 -6 91
173910 -819000 -78 -15 -7 100

980490 -8658936 -132 -29 -13 174
980490 -8658936 -87 -58 -11 156

909150 -6176304 -87 -58 -8 153
909150 -6176304 -136 -29 -9 174

164220 -756756 -63 -22 -6 91
164220 -756756 -78 -14 -7 99

81510 -378000 -50 -15 -7 72
81510 -378000 -56 -10 -9 75

108810 -693000 -44 -21 -10 75
108810 -693000 -50 -15 -12 77

265200 -2403324 -63 -22 -17 102
265200 -2403324 -51 -34 -14 99

125970 -936936 -39 -26 -12 77
125970 -936936 -44 -21 -13 78

2063490 -36199800 -130 -39 -35 204
2063490 -36199800 -85 -84 -26 195

193800 -946764 -51 -34 -6 91
193800 -946764 -78 -17 -7 102

98670 -511056 -39 -26 -7 72
98670 -511056 -56 -13 -9 78

92820 -465696 -44 -21 -7 72
92820 -465696 -56 -12 -9 77

790500 -9652500 -75 -50 -18 143
790500 -9652500 -99 -26 -25 150

1492920 -26491500 -87 -58 -30 175
1492920 -26491500 -75 -70 -29 174

274890 -2601000 -60 -25 -17 102
274890 -2601000 -51 -34 -15 100

760760 -6134700 -78 -55 -10 143
760760 -6134700 -130 -22 -13 165

1531530 -14905800 -140 -42 -13 195
1531530 -14905800 -105 -65 -12 182

2450448 -38158848 -96 -91 -21 208
306306 -2384928 -78 -21 -13 112

114660 -760500 -39 -26 -10 75
114660 -760500 -50 -15 -13 78

5850 -12600 -15 -10 -3 28
5850 -12600 -21 -5 -4 30

19890 2601000 -51 -34 25 60
19890 2601000 -100 -17 15 102

29580 26491500 -75 -70 58 87
29580 26491500 -174 -30 29 175

1650 12600 -28 -5 3 30
1650 12600 -15 -10 4 21

17160 760500 -75 -13 10 78
17160 760500 -39 -26 15 50

5850 936936 -77 -13 12 78
5850 936936 -39 -26 21 44

313950 44717400 -117 -65 42 140
313950 44717400 -91 -84 45 130

43890 1280664 -44 -33 14 63
43890 1280664 -77 -18 11 84

147000 9652500 -75 -50 26 99
147000 9652500 -143 -25 18 150

349830 36199800 -85 -84 39 130
349830 36199800 -195 -35 26 204

29580 2403324 -51 -34 22 63
29580 2403324 -99 -17 14 102

291720 15459444 -126 -39 22 143
291720 15459444 -77 -66 26 117

9690 2079000 -99 -15 14 100
9690 2079000 -60 -25 22 63

27300 465696 -44 -21 9 56
27300 465696 -72 -12 7 77

11310 693000 -44 -21 15 50
11310 693000 -75 -12 10 77

100980 946764 -91 -17 6 102
100980 946764 -51 -34 7 78

33150 511056 -39 -26 9 56
33150 511056 -72 -13 7 78

15990 378000 -50 -15 9 56
15990 378000 -72 -10 7 75

25410 804384 -112 -9 7 114
203280 12870144 -133 -32 21 144

8170 163800 -90 -5 4 91
220590 13267800 -70 -65 27 108

43290 26334000 -150 -35 33 152
43290 26334000 -209 -25 24 210

59250 5405400 -140 -18 15 143
59250 5405400 -99 -26 20 105

139230 4191264 -99 -27 14 112
1113840 67060224 -144 -77 32 189

71400 756756 -63 -22 7 78
71400 756756 -91 -14 6 99

81090 819000 -60 -25 7 78
81090 819000 -91 -15 6 100

482850 8658936 -87 -58 13 132
482850 8658936 -156 -29 11 174

789360 11434500 -175 -33 10 198
789360 11434500 -126 -50 11 165

177840 12063744 -187 -21 16 192
22230 753984 -33 -32 14 51

1201200 31781376 -99 -96 19 176
150150 1986336 -171 -11 6 176

554190 6176304 -87 -58 9 136
554190 6176304 -153 -29 8 174

71340 2100384 -132 -13 9 136
71340 2100384 -153 -11 8 156

512430 9009000 -156 -30 11 175
512430 9009000 -75 -70 13 132

583770 6426000 -153 -30 8 175
583770 6426000 -75 -70 9 136

# mode=0 N=220 sets_e3_nonzero=982261 sets_e3_zero=14726 classes=58 members=116
