1 3 5 88 204
1 7 44 47 197
1 8 20 89 169
1 14 30 114 118
1 14 40 88 134
1 14 75 78 104
1 15 49 74 138
1 29 33 80 133
1 43 54 74 98
2 2 28 77 220
2 2 49 52 187
2 3 4 105 178
2 7 40 50 197
2 7 40 74 160
2 7 50 99 117
2 14 68 85 103
2 17 79 82 91
2 19 25 62 182
2 20 42 52 169
2 25 45 87 114
2 27 77 79 85
2 28 39 53 160
2 32 49 52 142
2 33 63 79 93
2 35 37 50 157
2 35 48 73 114
3 3 35 114 123
3 3 38 87 150
3 9 45 60 168
3 12 24 90 153
3 14 54 60 148
3 15 33 84 144
3 15 33 105 120
3 28 63 72 105
3 38 46 79 105
3 39 48 60 123
4 5 23 118 130
4 11 38 60 174
4 13 14 95 158
4 18 63 64 125
4 18 68 90 91
4 32 47 91 97
5 7 22 94 155
5 24 28 50 183
5 29 49 76 113
5 29 50 58 133
6 8 55 74 133
6 14 22 107 129
7 7 29 92 145
7 14 22 56 197
7 17 37 74 143
7 20 53 83 109
7 27 67 74 95
7 32 54 85 92
8 8 28 55 197
8 14 67 73 110
8 19 25 92 133
8 19 28 107 113
8 23 29 91 124
8 28 55 73 107
8 37 47 57 124
8 38 64 70 89
8 41 56 76 88
9 18 21 58 185
9 18 24 66 168
9 19 28 41 200
9 28 45 93 96
9 35 42 45 147
9 41 43 79 98
10 13 18 95 144
10 14 53 92 103
10 28 44 91 98
10 40 50 53 119
11 37 52 59 112
12 12 24 52 195
12 13 24 47 202
12 15 57 69 120
12 24 27 27 213
12 24 57 57 123
12 29 33 93 105
12 52 55 69 80
13 13 14 85 158
13 14 18 63 182
13 25 56 68 109
13 28 40 95 95
14 15 28 98 120
14 22 22 95 122
14 22 37 44 167
14 23 40 85 110
14 31 37 87 102
15 18 45 84 110
15 28 30 40 173
15 29 33 84 111
16 39 67 69 77
17 19 37 42 170
17 23 42 49 147
18 20 25 35 198
18 22 35 89 108
18 34 35 53 135
19 26 34 55 143
19 29 35 73 116
19 29 43 81 98
20 25 53 55 119
20 29 43 61 119
22 30 37 59 125
22 33 38 43 140
22 40 50 77 79
23 25 33 56 139
23 28 31 85 104
23 38 46 49 115
24 35 44 48 121
24 40 48 73 83
27 28 30 78 108
27 33 48 54 108
28 28 28 80 107
28 32 33 59 120
28 50 55 60 74
32 43 49 52 92
33 39 60 63 72
35 37 37 79 80
37 42 47 67 74
39 42 48 60 78
